[
722981767828734005,
726813516295831572,
723560702392008795,
668915488071483422,
683427938552512563,
794437484507430963,
290992075934269442,
736689987978002432,
803434600436334643,
722979690519724082,
522169568416759808,
142445486236762113,
377297928349286420,
695705759597723689,
691607096076271686,
636141709419479040,
444470893599784963,
509616727689134080,
721869824833224735,
657667769831260191,
712141554080546946,
663043737978535936,
663043790621114388,
588482838886613014,
588495968450904064,
775774467321233509,
780011626749100042,
707526771616251975,
788749549890961418,
766533780906573844,
748561565900472481,
736230482500386931,
401524750922416132,
457276783931162624,
716028613539135492,
716028613539135494,
716028613539135495,
696092391412596748,
573716603452129290,
602613183022366727,
785575769312198666,
765016261943623701,
798755145215246387,
750439366341689554,
745157402349010966,
757992760027381910,
745169258148921345,
760862695804239953,
772818517677309992,
319897695122882560,
372946777344573440,
692412844284706959,
719556737794834583,
753332192569983046,
704961351054917642,
747483132890185770,
571925693366272010,
564452575257165853,
566640520349089813,
711954748135440384,
771852623820095500,
682900984757878796,
782334151755694081,
782379336380186625,
697225646920958012,
697225663580733580,
698950733617430538,
702278057205170287,
703409068001198100,
697516031710724198,
787175629573193758,
806658827280973894,
697222088146157632,
720665449502867620,
773943754657890304,
697438415276343366,
779496815585394698,
697374269574742072,
627217930576199690,
627217971047038977,
701205521071341578,
395998061639368726,
395998669268058113,
693173203434209450,
396003935074385953,
790440385289388083,
790439605655699456,
790439743397560361,
695627841760657508,
711591264990134334,
740751035156660314,
696162899734822942,
806656515884843078,
787009910457499658,
443007055780118529,
655967126481534977,
660845005031604235,
596934530854551616,
620786455861788683,
597003531156848670,
731992486964363364,
739184422393479281,
490479145919315970,
411820152854675458,
783506067954204712,
257751892241809408,
599757443362193408,
693446858663788586,
611663666483298304,
776557921545879563,
563162315709743104,
502191869204103169,
502191894181183488,
513437206577414154,
501652031073943552,
595999872222756888,
285557037826441237,
244230771232079873,
365561999532228608,
380811065405079553,
244238578400362498,
505507861724659714,
511094033553031187,
694656751890464861,
716455007641403392,
716455035847835710,
786623442073026570,
783692932796252200,
582359735014129683,
804384101322588161,
602416736720912414,
778130353922637844,
800833569236713483,
778130354279415849,
792556838146277464,
695236650548199466,
649991666706677764,
693590529128136744,
803689304059936838,
750676828326199307,
695238464140083292,
748360802032943256,
651093296034349076,
651093234038079488,
693590641321443408,
750676759262789654,
695237043642564608,
749086673517674516,
655749612384288816,
451466119338000405,
661670915439984692,
646531991663280140,
540926126285914112,
729289022727520307,
708357723292565516,
298954459172700181,
783794107083390996,
691530076344287252,
729434177384087653,
691534378190241862,
691542050578890802,
691541833561407498,
510987107087679512,
705406749460398090,
757019419087077397,
732979079103381565,
803664746104225812,
575824180126416901,
690385418591666196,
749894567154941962,
784383954425085992,
727535866427211796,
739107837036331040,
812542570721705994,
770626978679226378,
713928323805347955,
790904542627758130,
681363568293183489,
616923932477620249,
783867661674217502,
542291426051096606,
799476555524210688,
750956484111892510,
800965685333327892,
732617988649386055,
792868077413859348,
360462032811851778,
807381864854716476,
807382113623998524,
807382307328491540,
807382101501935636,
807382297103302717,
807735380677230645,
818310036131938324,
731254148678549595,
701906138563870840,
490935325259202560,
805557554730106910,
705362659721084978,
689963458967765003,
708810628940431460,
770695931514847259,
704420858902609951,
704421902101381150,
794540887380066304,
413225913254412288,
665562266837450755,
568279918111227924,
780553847276961812,
761678882570633259,
725104269673365574,
781180833133625344,
721215902091182170,
724681893869518903,
703541751100473414,
733820409262243960,
692369647659384872,
585773879512006656,
390037306230177803,
690981388299665478,
783941968686219267,
780283721327706153,
805254068394131516,
611429602341945344,
784536495200534539,
784292030238425088,
784271566867005440,
779573620472152084,
779061455601270805,
691143755113431040,
410970729304293396,
386423313309630474,
430456849679253504,
591107710590779400,
634964371721682955,
725067665995071488,
488800021869887529,
706382069038841885,
740030389963194488,
792598553284444160,
819640627942654002,
796718557966106624,
796718703399927817,
796270967227416577,
698618996995653745,
714660328054587413,
804655047983890493,
790664007282327562,
640071483145715713,
781611722640195604,
811032983612031017,
428474487529537538,
787097254863044629,
732857927152566297,
804814097467834408,
816461250237169664,
818527389931012148,
404440555355897879,
588711260237856793,
361511298451767297,
813648930490679306,
818195704245649428,
704531004534030436,
782755082780934154,
787513434677051442,
690846446685257748,
764885368591876161,
812734483382927450,
768759532142460948,
786433712068755496,
740451132148809828,
770535043696951327,
737734780262547456,
744471136129122335,
763445729183268865,
802340390585237504,
701630309535449108,
748555789169328128,
638764547955490849,
638764624778493955,
631128343793631234,
631133907466715136,
645717369989103666,
578601606942162964,
525037110110191660,
762023870265688104,
733065391403696189,
725556404282458152,
725556340973633567,
734489439858065450,
635260983438213131,
802768037291098133,
716633724934029367,
381769643452268554,
376388897933885440,
794678644672954368,
668433770117988364,
667110609523048470,
715655957366964266,
614034847496667136,
757522478158446682,
754705973834154115,
738584328581152841,
775103404262686740,
801945011377537095,
548282453907865662,
706238948149690459,
706622121031237713,
786524558206435354,
817504643977707552,
779662699197628457,
723852312791220284,
737625593495027742,
754816039157497899,
665562266837450755,
568279918111227924,
709987181128843264,
760948956951478343,
285547286363242497,
457596715722211349,
267799767843602452,
375914227371606016,
818999834828341268,
747200665960316960,
813170432550633569,
813170526813290566,
809916346271662130,
734331176851865613,
814378127949168650,
814366981473959945,
820850283126980618,
819840271163850804,
819835814661193728,
710531627230560297,
696714211614654546,
696714211614654547,
775705236199178283,
694780768055984148,
781200760481644622,
797999453109354497,
807938828240814090,
799717263723855932,
773851055918284801,
773851513986351104,
820296916054048789,
782345176269848612,
799451304463171614,
799476261033869322,
767349965566509086,
796598206842535977,
797748788064288778,
698897951455707159,
777265977196281866,
700463337690890380,
802182535999651912,
802002767136817192,
802385107494895636,
787774095340077068,
729522706076139571,
743178217422061908,
670068982539223076,
721215902091182170,
742849671084376124,
798327842684534814,
814712963583049743,
736488955914092555,
806933964111085598,
688058498629763101,
773393320805400617,
700080608046612620,
705812907882971147,
709763283246121000,
535831660680445962,
768923269344002068,
785515528487829514,
748640192453148692,
740688634159693964,
740773548779634798,
718507356824272977,
738197323145805924,
761569330453413902,
737193714203623455,
533238900655652865,
533240165297029130,
816867935154339860,
783942756132847639,
595463220647559180,
751751495615250474,
784241243953299456,
564601622030712832,
388879134518149120,
723227114438131762,
708451059416301680,
729120999555203124,
777451603400982548,
709256306615255091,
740662253875101808,
796717626734280714,
819211747478732821,
796270966900129801,
798304092857958431,
804653391254257665,
565660435765002240,
708620374962733056,
763132467041140737,
519380781206994958,
734206755776626740,
489106884138237971,
716395966357569637,
732804871811629136,
692965857210531861,
812635203172302849,
766557205809332236,
732601760555729016,
676895408794107925,
734459079707066429,
694354356065009715,
775400140428673096,
747023113300213840,
751826118964936794,
785077017589710868,
779261259186044929,
597005383235534850,
524974882199699466,
663453599778603048,
716028613102927948,
759098426096484474,
760283749996036138,
753103960247894086,
788551430537347173,
785048217804079104,
750918198412443710,
397738008238882816,
811786315322490891,
803874682126336020,
501833103090909234,
807501222067830835,
798438948061052958,
754298826113679390,
805557530222395493,
776504648710357013,
695991839077171260,
704421249140654172,
804748478454038549,
359824773200740363,
690120879547482142,
709996233426731061,
731970677535670414,
786653355240980481,
780555189165096981,
814397670553681940,
710694305429323858,
806052858872725514,
803695996847915038,
799602298476560394,
732900700027093081,
804000917450915871,
749671436070944912,
761458728217739284,
783465304550014977,
804326247161266206,
787774288446488596,
585774033400889344,
728245554638749766,
806481317407490050,
791452339247644693,
670080360490598403,
732900700027093081,
794969379028467772,
734131308728549376,
783946494004559873,
779302774764470302,
778130349564624918,
485501059062693890,
806956447665225729,
741300845139722291,
740688445709746277,
805163679615549533,
761580547818389504,
737359388293070848,
525037110110191660,
730419205693898794,
757286978730590278,
797398973777313832,
809729064960917515,
820733491645644831,
811398723841032222,
741300620719292466,
808761499698987008,
784271566867005440,
711954748135440384,
723560702392008795,
634964371721682955,
740030389963194488,
683427938552512563,
796718703399927817,
811032983612031017,
783794107083390996,
691530076344287252,
729434177384087653,
757019419087077397,
697225646920958012,
697225663580733580,
698950733617430538,
702278057205170287,
703409068001198100,
787175629573193758,
806658827280973894,
721869824833224735,
663043737978535936,
663043790621114388,
690846446685257748,
786433712068755496,
783506067954204712,
638764547955490849,
638764624778493955,
631128343793631234,
631133907466715136,
645717369989103666,
457276783931162624,
716028613539135495,
783867661674217502,
762023870265688104,
733065391403696189,
611663666483298304,
775103404262686740,
502191869204103169,
502191894181183488,
807382307328491540,
807382101501935636,
807382297103302717,
807735380677230645,
705362659721084978,
704421902101381150,
786623442073026570,
750439366341689554,
745157402349010966,
757992760027381910,
745169258148921345,
813170526813290566,
814378127949168650,
372946777344573440,
696714211614654547,
773851513986351104,
799451304463171614,
799476261033869322,
796598206842535977,
797748788064288778,
692369647659384872,
802385107494895636,
814712963583049743,
778130354279415849,
736488955914092555,
709763283246121000,
738197323145805924,
533240165297029130
]